clear;
tic;
 tdata=[10 55 1000.403 40.5407 0.12951 33 0.0174 360.0012 −3.9864 0.04702 0.25475 0.01234
		20 80 950.606 39.5804 0.10908 25 0.0178 350.0056 −3.9524 0.04652 0.25475 0.01234
		47 120 900.705 36.5104 0.12511 32 0.0162 330.0056 −3.9023 0.04652 0.25163 0.01215
		20 130 800.705 39.5104 0.12111 30 0.0168 330.0056 −3.9023 0.04652 0.25163 0.01215
		50 160 756.799 38.5390 0.15247 30 0.0148 13.8593 0.3277 0.00420 0.24970 0.01200
		70 240 451.325 46.1592 0.10587 20 0.0163 13.8593 0.3277 0.00420 0.24970 0.01200
		60 300 1243.531 38.3055 0.03546 20 0.0152 40.2669 −0.5455 0.00680 0.24800 0.01290
		70 340 1049.998 40.3965 0.02803 30 0.0128 40.2669 −0.5455 0.00680 0.24990 0.01203
		135 470 1658.569 36.3278 0.02111 60 0.0136 42.8955 −0.5112 0.00460 0.25470 0.01234
		150 470 1356.659 38.2704 0.01799 40 0.0141 42.8955 −0.5112 0.00460 0.25470 0.01234];
    
B=[0.000049 0.000014 0.000015 0.000015 0.000016 0.000017 0.000017 0.000018 0.000019 0.000020
0.000014 0.000045 0.000016 0.000016 0.000017 0.000015 0.000015 0.000016 0.000018 0.000018
0.000015 0.000016 0.000039 0.000010 0.000012 0.000012 0.000014 0.000014 0.000016 0.000016
0.000015 0.000016 0.000010 0.000040 0.000014 0.000010 0.000011 0.000012 0.000014 0.000015
0.000016 0.000017 0.000012 0.000014 0.000035 0.000011 0.000013 0.000013 0.000015 0.000016
0.000017 0.000015 0.000012 0.000010 0.000011 0.000036 0.000012 0.000012 0.000014 0.000015
0.000017 0.000015 0.000014 0.000011 0.000013 0.000012 0.000038 0.000016 0.000016 0.000018
0.000018 0.000016 0.000014 0.000012 0.000013 0.000012 0.000016 0.000040 0.000015 0.000016
0.000019 0.000018 0.000016 0.000014 0.000015 0.000014 0.000016 0.000015 0.000042 0.000019
0.000020 0.000018 0.000016 0.000015 0.000016 0.000015 0.000018 0.000016 0.000019 0.000044];

%=====================================================================
%economic load dispatch using simulated annealing technique
% clear;
% ftdatan;

nt=size(tdata,1);
for m=1:nt
   ptmn(m)=tdata(m,1);
   ptmx(m)=tdata(m,2);
   ac(m)=tdata(m,3);
   bc(m)=tdata(m,4);
   cc(m)=tdata(m,5);
   ec(m)=tdata(m,6);
   fc(m)=tdata(m,7);
   ae(m)=tdata(m,8);
   be(m)=tdata(m,9);
   ce(m)=tdata(m,10);
   ee(m)=tdata(m,11);
   fe(m)=tdata(m,12);  
   
   B11=B(m,1);
   B1n=B(m,2);
   Bnn=B(m,3:nt);   
end
pd=1036;
% dpm=1;
ni1=0;

% while (dpm~=0)
    ni1=ni1+1;
    for n=1:(nt-1)
        pt(n)=unifrnd(ptmn(n),ptmx(n));
    end
    pgt=0;
    for n=1:(nt-1)
        pgt=pgt+pt(n);
    end
    pt(nt)=pd-pgt;  
    
A=B11;
BB1=2*B1n*pgt';
B1=BB1-1;
C1=pgt*Bnn*pgt';
C=pd-pgt+C1;
ptx1=roots([A B1 C]);
ptx=abs(min(ptx1));
%  pt(nt) = pd-pgt+C1;
Pl=pgt*B*pgt';
lam=abs(sum(pgt)-pd-pgt*B*pgt');
 
    for n=1:2
        if ((pt(nt)>=ptmn(nt))&(pt(nt)<=ptmx(nt)))
%             dpm=0;            
        else 
%             dpm=1;
            pt(nt)=0;
        end
    end   
% end
ni1
% dpm
tfc=0;
tfe=0;
E=0;
% w2=0;
% w2=0;
% input('w2 = ')
% w1=1-w2;
for n=1:nt
    hi=(ac(n)+ bc(n)*ptmx(n)+ cc(n) * (ptmx(n)^2))/(ce(n)+ be(n)*ptmx(n)+ ae(n) * (ptmx(n)^2));
    c = fc(n)*(ptmn(n)-pt(n));
    d=ec(n)*sin(c);
    tfc=tfc+ac(n)+bc(n)*pt(n)+cc(n)*pt(n)^2+abs(d);
    dc=fe(n)*pt(n);
    tfe=tfe+ae(n)+be(n)*pt(n)+ce(n)*pt(n)^2+ee(n)*exp(dc);
    E= hi * tfc + (1-hi)*tfe;
end 
tm=E;
E
ni2=0;
while (tm>=1e-4)
    ni2=ni2+1;
    for ni3=1:30
%         dpm=1;
%         while (dpm~=0)
            for n=1:(nt-1)
                sgm=tm*0.01;
                change=normrnd(0,sgm);
                pt1(n)=pt(n)+normrnd(0,sgm);
                if (pt1(n)>ptmx(n))
                    pt1(n)=ptmx(n);
                elseif (pt1(n)<ptmn(n))
                    pt1(n)=ptmn(n);
                end
            end
            pgt=0;           
            for n=1:(nt-1)
                pgt=pgt+pt1(n);
            end           
            pt1(nt)=pd-pgt;           
            for n=1:2
                if ((pt1(nt)<=ptmn(nt))&(pt1(nt)>=ptmx(nt)))
%                 if (~((pt1(nt)>=ptmn(nt))&(pt1(nt)<=ptmx(nt))))
%                     dpm=0;                    
%                 else
%                     dpm=1;
                    pt1(nt)=0;
                end
            end           
%         end
        tfc1=0;
        tfe1=0;
        E1=0;
%         w21=0;
%         w11=1-w21;
%         input('w21 = ')
        for n=1:nt
            A=B11;
BB1=2*B1n*pgt';
B1=BB1-1;
C1=pgt*Bnn*pgt';
C=pd-pgt+C1;
ptx=roots([A B1 C]);
 pt(nt)=abs(min(ptx));
 
%  pt(nt) = pd-pgt+C1;
Pl=pgt*B*pgt';
lam=abs(sum(pgt)-pd-pgt*B*pgt');

            hi1=(ac(n)+ bc(n)*ptmx(n)+ cc(n) * (ptmx(n)^2))/(ce(n)+ be(n)*ptmx(n)+ ae(n) * (ptmx(n)^2));
            c=fc(n)*(ptmn(n)-pt1(n));
            d=ec(n)*sin(c);
            tfc1=tfc1+ac(n)+bc(n)*pt1(n)+cc(n)*pt1(n)^2+abs(d);
            dc=fe(n)*pt1(n);
            tfe1=tfe1+ae(n)+be(n)*pt1(n)+ce(n)*pt1(n)^2+ee(n)*exp(dc);
            E1= hi1 * tfc1 + (1-hi1)* tfe1;
        end       
        dtfc=tfc1 - tfc;
        dtfe=tfe1 - tfe;
        dtfEtotal = E1-E;
        rand=unifrnd(0,1);
%         dt=-(dtfc/tm);
%         dte=-(dtfe/tm);
        dt = -(dtfEtotal/tm);
        rc=exp(dt);
        if (dtfc<=0 && dtfe<=0 && dtfEtotal<=0)
            for n=1:nt
                pt(n)=pt1(n);
            end
            tfc=tfc1;
            tfe=tfe1;
            E=E1;
         else
            for n=1:nt
                pt(n)=pt(n);
            end
            tfc=tfc;
            tfe=tfe;
            E=E;
        end
     end
     tm=0.95*tm;
     sol(ni2)=E;     
     sol2(ni2)=tfc;     
     sol3(ni2)=tfe;     
 end
 tfc=0;
 tfe=0;
 E=0;
 for n=1:nt
     A=B11;
BB1=2*B1n*pgt';
B1=BB1-1;
C1=pgt*Bnn*pgt';
C=pd-pgt+C1;
ptx=roots([A B1 C]);
 pt(nt)=abs(min(ptx));
 
%  pt(nt) = pd-pgt+C1;
Pl=pgt*B*pgt';
lam=abs(sum(pgt)-pd-pgt*B*pgt');

     hi=[ptmx(n)^2*cc(n)+bc(n)*ptmx(n)+ac(n)]/[ce(n)+be(n)*ptmx(n)+ae(n)*ptmx(n)^2];
     c=fc(n)*(ptmn(n)-pt(n));
     d=ec(n)*sin(c);
     tfc=tfc+ac(n)+bc(n)*pt(n)+cc(n)*pt(n)^2+abs(d);
     dc=fe(n)*pt(n);
     tfe=tfe+ae(n)+be(n)*pt(n)+ce(n)*pt(n)^2+ee(n)*exp(dc);
     E= hi * tfc + (1-hi)*tfe;
 end 
 tfc = tfc+1000*lam;
 tfc
 tfe
pt
E

X=1:ni2;
Y=sol(X);
plot(X,Y,'k-')
xlabel('iteration')
ylabel('E')
figure

Y1=sol2(X);
plot(X,Y1)
xlabel('iteration')
ylabel('tfc')
figure

Y2=sol3(X);
plot(X,Y2)
xlabel('iteration')
ylabel('tfe')
toc;