tdata=[10 75 25 2.0 0.0080 100 0.042 80 -0.805 0.0180 0.6550 0.02846; 
       20 125 60 1.8 0.0030 140 0.040 50 -0.555 0.0150 0.5773 0.02446;
       30 175 100 2.1 0.0012 160 0.038 60 -1.355 0.0105 0.4968 0.0227; 
       40 250 120 2.0 0.001 180 0.037 45 -0.600 0.008 0.4860 0.01948;
       50 300 40 1.8 0.0015 200 0.035 30 -0.555 0.012 0.5035 0.02075]

 